vi	V(vgs)	V(n002)	Id(M1)
Step Information: Vdd=0  (Step: 1/21)
0.000000000000000e+00	0.000000e+00	0.000000e+00	1.055422e-09
1.000000000000000e+00	0.000000e+00	1.000000e+00	0.000000e+00
2.000000000000000e+00	0.000000e+00	2.000000e+00	0.000000e+00
3.000000000000000e+00	0.000000e+00	3.000000e+00	0.000000e+00
4.000000000000000e+00	0.000000e+00	4.000000e+00	0.000000e+00
5.000000000000000e+00	0.000000e+00	5.000000e+00	0.000000e+00
6.000000000000000e+00	0.000000e+00	6.000000e+00	0.000000e+00
7.000000000000000e+00	-5.245793e-30	7.000000e+00	1.939579e-28
8.000000000000000e+00	-1.584869e-42	8.000000e+00	2.253113e-39
9.000000000000000e+00	7.861284e-43	9.000000e+00	-1.126557e-39
1.000000000000000e+01	0.000000e+00	1.000000e+01	-0.000000e+00
1.100000000000000e+01	-0.000000e+00	1.100000e+01	0.000000e+00
1.200000000000000e+01	-0.000000e+00	1.200000e+01	0.000000e+00
1.300000000000000e+01	0.000000e+00	1.300000e+01	-0.000000e+00
1.400000000000000e+01	0.000000e+00	1.400000e+01	-0.000000e+00
1.500000000000000e+01	-0.000000e+00	1.500000e+01	0.000000e+00
1.600000000000000e+01	-0.000000e+00	1.600000e+01	0.000000e+00
1.700000000000000e+01	0.000000e+00	1.700000e+01	-0.000000e+00
1.800000000000000e+01	0.000000e+00	1.800000e+01	-0.000000e+00
1.900000000000000e+01	-0.000000e+00	1.900000e+01	0.000000e+00
2.000000000000000e+01	-0.000000e+00	2.000000e+01	0.000000e+00
Step Information: Vdd=1  (Step: 2/21)
0.000000000000000e+00	1.000000e+00	0.000000e+00	6.032212e-12
1.000000000000000e+00	1.000000e+00	1.000000e+00	6.032256e-12
2.000000000000000e+00	1.000000e+00	2.000000e+00	2.153857e-08
3.000000000000000e+00	9.976134e-01	3.000000e+00	2.387063e+00
4.000000000000000e+00	8.620752e-01	4.000000e+00	1.379250e+02
5.000000000000000e+00	7.584164e-01	5.000000e+00	2.415809e+02
6.000000000000000e+00	7.292584e-01	6.000000e+00	2.707293e+02
7.000000000000000e+00	7.144901e-01	7.000000e+00	2.855099e+02
8.000000000000000e+00	7.054329e-01	8.000000e+00	2.944676e+02
9.000000000000000e+00	6.993048e-01	9.000000e+00	3.006695e+02
1.000000000000000e+01	6.948598e-01	1.000000e+01	3.051318e+02
1.100000000000000e+01	6.914864e-01	1.100000e+01	3.085103e+02
1.200000000000000e+01	6.888373e-01	1.200000e+01	3.111611e+02
1.300000000000000e+01	6.867013e-01	1.300000e+01	3.132980e+02
1.400000000000000e+01	6.849418e-01	1.400000e+01	3.150578e+02
1.500000000000000e+01	6.834673e-01	1.500000e+01	3.165325e+02
1.600000000000000e+01	6.822134e-01	1.600000e+01	3.177864e+02
1.700000000000000e+01	6.811341e-01	1.700000e+01	3.188658e+02
1.800000000000000e+01	6.801952e-01	1.800000e+01	3.198048e+02
1.900000000000000e+01	6.793709e-01	1.900000e+01	3.206291e+02
2.000000000000000e+01	6.786414e-01	2.000000e+01	3.213586e+02
Step Information: Vdd=2  (Step: 3/21)
0.000000000000000e+00	2.000000e+00	0.000000e+00	7.105427e-12
1.000000000000000e+00	2.000000e+00	1.000000e+00	7.105472e-12
2.000000000000000e+00	2.000000e+00	2.000000e+00	2.175283e-08
3.000000000000000e+00	1.997590e+00	3.000000e+00	2.410198e+00
4.000000000000000e+00	1.860960e+00	4.000000e+00	1.390406e+02
5.000000000000000e+00	1.579382e+00	5.000000e+00	4.202242e+02
6.000000000000000e+00	1.476856e+00	6.000000e+00	5.227727e+02
7.000000000000000e+00	1.438044e+00	7.000000e+00	5.619435e+02
8.000000000000000e+00	1.416310e+00	8.000000e+00	5.836899e+02
9.000000000000000e+00	1.402207e+00	9.000000e+00	5.976165e+02
1.000000000000000e+01	1.392296e+00	1.000000e+01	6.076517e+02
1.100000000000000e+01	1.384907e+00	1.100000e+01	6.150742e+02
1.200000000000000e+01	1.379180e+00	1.200000e+01	6.208119e+02
1.300000000000000e+01	1.374607e+00	1.300000e+01	6.253889e+02
1.400000000000000e+01	1.370870e+00	1.400000e+01	6.291282e+02
1.500000000000000e+01	1.367757e+00	1.500000e+01	6.322424e+02
1.600000000000000e+01	1.365123e+00	1.600000e+01	6.348768e+02
1.700000000000000e+01	1.362865e+00	1.700000e+01	6.371349e+02
1.800000000000000e+01	1.360907e+00	1.800000e+01	6.390924e+02
1.900000000000000e+01	1.359194e+00	1.900000e+01	6.408057e+02
2.000000000000000e+01	1.357682e+00	2.000000e+01	6.423179e+02
Step Information: Vdd=3  (Step: 4/21)
0.000000000000000e+00	3.000000e+00	0.000000e+00	8.141636e-12
1.000000000000000e+00	3.000000e+00	1.000000e+00	8.141681e-12
2.000000000000000e+00	3.000000e+00	2.000000e+00	2.196706e-08
3.000000000000000e+00	2.997567e+00	3.000000e+00	2.433323e+00
4.000000000000000e+00	2.859848e+00	4.000000e+00	1.401523e+02
5.000000000000000e+00	2.563573e+00	5.000000e+00	4.364269e+02
6.000000000000000e+00	2.260295e+00	6.000000e+00	7.395458e+02
7.000000000000000e+00	2.174742e+00	7.000000e+00	8.247275e+02
8.000000000000000e+00	2.134232e+00	8.000000e+00	8.657269e+02
9.000000000000000e+00	2.109480e+00	9.000000e+00	8.897638e+02
1.000000000000000e+01	2.092760e+00	1.000000e+01	9.070469e+02
1.100000000000000e+01	2.080544e+00	1.100000e+01	9.193960e+02
1.200000000000000e+01	2.071215e+00	1.200000e+01	9.287606e+02
1.300000000000000e+01	2.063848e+00	1.300000e+01	9.361407e+02
1.400000000000000e+01	2.057878e+00	1.400000e+01	9.421166e+02
1.500000000000000e+01	2.052938e+00	1.500000e+01	9.470591e+02
1.600000000000000e+01	2.048781e+00	1.600000e+01	9.512172e+02
1.700000000000000e+01	2.045234e+00	1.700000e+01	9.547654e+02
1.800000000000000e+01	2.042170e+00	1.800000e+01	9.578294e+02
1.900000000000000e+01	2.039497e+00	1.900000e+01	9.605026e+02
2.000000000000000e+01	2.037144e+00	2.000000e+01	9.628556e+02
Step Information: Vdd=4  (Step: 5/21)
0.000000000000000e+00	4.000000e+00	0.000000e+00	9.177843e-12
1.000000000000000e+00	4.000000e+00	1.000000e+00	9.177889e-12
2.000000000000000e+00	4.000000e+00	2.000000e+00	2.218129e-08
3.000000000000000e+00	3.997544e+00	3.000000e+00	2.456439e+00
4.000000000000000e+00	3.858740e+00	4.000000e+00	1.412602e+02
5.000000000000000e+00	3.560541e+00	5.000000e+00	4.394593e+02
6.000000000000000e+00	3.162245e+00	6.000000e+00	8.388355e+02
7.000000000000000e+00	2.933076e+00	7.000000e+00	1.065980e+03
8.000000000000000e+00	2.861737e+00	8.000000e+00	1.137828e+03
9.000000000000000e+00	2.822454e+00	9.000000e+00	1.177545e+03
1.000000000000000e+01	2.796829e+00	1.000000e+01	1.202608e+03
1.100000000000000e+01	2.778744e+00	1.100000e+01	1.221087e+03
1.200000000000000e+01	2.765166e+00	1.200000e+01	1.234775e+03
1.300000000000000e+01	2.754576e+00	1.300000e+01	1.245398e+03
1.400000000000000e+01	2.746074e+00	1.400000e+01	1.253914e+03
1.500000000000000e+01	2.739091e+00	1.500000e+01	1.260903e+03
1.600000000000000e+01	2.733249e+00	1.600000e+01	1.266747e+03
1.700000000000000e+01	2.728287e+00	1.700000e+01	1.271710e+03
1.800000000000000e+01	2.724020e+00	1.800000e+01	1.275979e+03
1.900000000000000e+01	2.720309e+00	1.900000e+01	1.279690e+03
2.000000000000000e+01	2.717052e+00	2.000000e+01	1.282948e+03
Step Information: Vdd=5  (Step: 6/21)
0.000000000000000e+00	5.000000e+00	0.000000e+00	1.006602e-11
1.000000000000000e+00	5.000000e+00	1.000000e+00	1.006607e-11
2.000000000000000e+00	5.000000e+00	2.000000e+00	2.239537e-08
3.000000000000000e+00	4.997521e+00	3.000000e+00	2.479546e+00
4.000000000000000e+00	4.857636e+00	4.000000e+00	1.423644e+02
5.000000000000000e+00	4.557524e+00	5.000000e+00	4.424763e+02
6.000000000000000e+00	4.157029e+00	6.000000e+00	8.440656e+02
7.000000000000000e+00	3.736011e+00	7.000000e+00	1.262615e+03
8.000000000000000e+00	3.603489e+00	8.000000e+00	1.396506e+03
9.000000000000000e+00	3.542539e+00	9.000000e+00	1.457448e+03
1.000000000000000e+01	3.505418e+00	1.000000e+01	1.494582e+03
1.100000000000000e+01	3.479943e+00	1.100000e+01	1.519652e+03
1.200000000000000e+01	3.461303e+00	1.200000e+01	1.538560e+03
1.300000000000000e+01	3.446969e+00	1.300000e+01	1.552977e+03
1.400000000000000e+01	3.435582e+00	1.400000e+01	1.564393e+03
1.500000000000000e+01	3.426305e+00	1.500000e+01	1.573683e+03
1.600000000000000e+01	3.418593e+00	1.600000e+01	1.581400e+03
1.700000000000000e+01	3.412078e+00	1.700000e+01	1.587918e+03
1.800000000000000e+01	3.406497e+00	1.800000e+01	1.593501e+03
1.900000000000000e+01	3.401662e+00	1.900000e+01	1.598337e+03
2.000000000000000e+01	3.397431e+00	2.000000e+01	1.602568e+03
Step Information: Vdd=6  (Step: 7/21)
0.000000000000000e+00	6.000000e+00	0.000000e+00	1.125026e-11
1.000000000000000e+00	6.000000e+00	1.000000e+00	1.125031e-11
2.000000000000000e+00	6.000000e+00	2.000000e+00	2.260975e-08
3.000000000000000e+00	5.997498e+00	3.000000e+00	2.502643e+00
4.000000000000000e+00	5.856535e+00	4.000000e+00	1.434648e+02
5.000000000000000e+00	5.554523e+00	5.000000e+00	4.454780e+02
6.000000000000000e+00	5.151846e+00	6.000000e+00	8.492635e+02
7.000000000000000e+00	4.678196e+00	7.000000e+00	1.322370e+03
8.000000000000000e+00	4.368192e+00	8.000000e+00	1.630996e+03
9.000000000000000e+00	4.272243e+00	9.000000e+00	1.726743e+03
1.000000000000000e+01	4.219466e+00	1.000000e+01	1.780533e+03
1.100000000000000e+01	4.184687e+00	1.100000e+01	1.814338e+03
1.200000000000000e+01	4.159956e+00	1.200000e+01	1.839745e+03
1.300000000000000e+01	4.141242e+00	1.300000e+01	1.858653e+03
1.400000000000000e+01	4.126548e+00	1.400000e+01	1.873406e+03
1.500000000000000e+01	4.114683e+00	1.500000e+01	1.885294e+03
1.600000000000000e+01	4.104890e+00	1.600000e+01	1.895098e+03
1.700000000000000e+01	4.096662e+00	1.700000e+01	1.903332e+03
1.800000000000000e+01	4.089646e+00	1.800000e+01	1.910350e+03
1.900000000000000e+01	4.083591e+00	1.900000e+01	1.916406e+03
2.000000000000000e+01	4.078310e+00	2.000000e+01	1.921688e+03
Step Information: Vdd=7  (Step: 8/21)
0.000000000000000e+00	7.000000e+00	0.000000e+00	1.213844e-11
1.000000000000000e+00	7.000000e+00	1.000000e+00	1.213849e-11
2.000000000000000e+00	7.000000e+00	2.000000e+00	2.282383e-08
3.000000000000000e+00	6.997475e+00	3.000000e+00	2.525731e+00
4.000000000000000e+00	6.855439e+00	4.000000e+00	1.445615e+02
5.000000000000000e+00	6.551536e+00	5.000000e+00	4.484645e+02
6.000000000000000e+00	6.146695e+00	6.000000e+00	8.544298e+02
7.000000000000000e+00	5.670753e+00	7.000000e+00	1.329819e+03
8.000000000000000e+00	5.181765e+00	8.000000e+00	1.817679e+03
9.000000000000000e+00	5.016445e+00	9.000000e+00	1.983552e+03
1.000000000000000e+01	4.940613e+00	1.000000e+01	2.059359e+03
1.100000000000000e+01	4.893918e+00	1.100000e+01	2.106082e+03
1.200000000000000e+01	4.861538e+00	1.200000e+01	2.137851e+03
1.300000000000000e+01	4.837647e+00	1.300000e+01	2.162142e+03
1.400000000000000e+01	4.819140e+00	1.400000e+01	2.180777e+03
1.500000000000000e+01	4.804344e+00	1.500000e+01	2.195617e+03
1.600000000000000e+01	4.792224e+00	1.600000e+01	2.207756e+03
1.700000000000000e+01	4.782103e+00	1.700000e+01	2.217886e+03
1.800000000000000e+01	4.773517e+00	1.800000e+01	2.226477e+03
1.900000000000000e+01	4.766136e+00	1.900000e+01	2.233860e+03
2.000000000000000e+01	4.759721e+00	2.000000e+01	2.240277e+03
Step Information: Vdd=8  (Step: 9/21)
0.000000000000000e+00	8.000000e+00	0.000000e+00	1.332268e-11
1.000000000000000e+00	8.000000e+00	1.000000e+00	1.332272e-11
2.000000000000000e+00	8.000000e+00	2.000000e+00	2.303821e-08
3.000000000000000e+00	7.997452e+00	3.000000e+00	2.548810e+00
4.000000000000000e+00	7.854346e+00	4.000000e+00	1.456545e+02
5.000000000000000e+00	7.548564e+00	5.000000e+00	4.514361e+02
6.000000000000000e+00	7.141574e+00	6.000000e+00	8.595648e+02
7.000000000000000e+00	6.663360e+00	7.000000e+00	1.337218e+03
8.000000000000000e+00	6.134466e+00	8.000000e+00	1.865832e+03
9.000000000000000e+00	5.783296e+00	9.000000e+00	2.215703e+03
1.000000000000000e+01	5.671104e+00	1.000000e+01	2.327514e+03
1.100000000000000e+01	5.608419e+00	1.100000e+01	2.391579e+03
1.200000000000000e+01	5.566561e+00	1.200000e+01	2.432137e+03
1.300000000000000e+01	5.536500e+00	1.300000e+01	2.463090e+03
1.400000000000000e+01	5.513561e+00	1.400000e+01	2.486293e+03
1.500000000000000e+01	5.495424e+00	1.500000e+01	2.504510e+03
1.600000000000000e+01	5.480694e+00	1.600000e+01	2.519273e+03
1.700000000000000e+01	5.468475e+00	1.700000e+01	2.531508e+03
1.800000000000000e+01	5.458163e+00	1.800000e+01	2.541827e+03
1.900000000000000e+01	5.449338e+00	1.900000e+01	2.550656e+03
2.000000000000000e+01	5.441696e+00	2.000000e+01	2.558301e+03
Step Information: Vdd=9  (Step: 10/21)
0.000000000000000e+00	9.000000e+00	0.000000e+00	1.421085e-11
1.000000000000000e+00	9.000000e+00	1.000000e+00	1.421090e-11
2.000000000000000e+00	9.000000e+00	2.000000e+00	2.325229e-08
3.000000000000000e+00	8.997429e+00	3.000000e+00	2.571878e+00
4.000000000000000e+00	8.853256e+00	4.000000e+00	1.467438e+02
5.000000000000000e+00	8.545608e+00	5.000000e+00	4.543929e+02
6.000000000000000e+00	8.136485e+00	6.000000e+00	8.646687e+02
7.000000000000000e+00	7.656017e+00	7.000000e+00	1.344567e+03
8.000000000000000e+00	7.124823e+00	8.000000e+00	1.875479e+03
9.000000000000000e+00	6.597448e+00	9.000000e+00	2.402504e+03
1.000000000000000e+01	6.415632e+00	1.000000e+01	2.584364e+03
1.100000000000000e+01	6.329752e+00	1.100000e+01	2.670215e+03
1.200000000000000e+01	6.275954e+00	1.200000e+01	2.724046e+03
1.300000000000000e+01	6.238183e+00	1.300000e+01	2.761054e+03
1.400000000000000e+01	6.210049e+00	1.400000e+01	2.789681e+03
1.500000000000000e+01	6.188085e+00	1.500000e+01	2.811807e+03
1.600000000000000e+01	6.170412e+00	1.600000e+01	2.829536e+03
1.700000000000000e+01	6.155858e+00	1.700000e+01	2.844116e+03
1.800000000000000e+01	6.143646e+00	1.800000e+01	2.856339e+03
1.900000000000000e+01	6.133245e+00	1.900000e+01	2.866747e+03
2.000000000000000e+01	6.124272e+00	2.000000e+01	2.875723e+03
Step Information: Vdd=10  (Step: 11/21)
0.000000000000000e+00	1.000000e+01	0.000000e+00	1.480297e-11
1.000000000000000e+00	1.000000e+01	1.000000e+00	1.480302e-11
2.000000000000000e+00	1.000000e+01	2.000000e+00	2.346608e-08
3.000000000000000e+00	9.997406e+00	3.000000e+00	2.594938e+00
4.000000000000000e+00	9.852171e+00	4.000000e+00	1.478295e+02
5.000000000000000e+00	9.542665e+00	5.000000e+00	4.573349e+02
6.000000000000000e+00	9.131427e+00	6.000000e+00	8.697420e+02
7.000000000000000e+00	8.648725e+00	7.000000e+00	1.351866e+03
8.000000000000000e+00	8.115250e+00	8.000000e+00	1.885054e+03
9.000000000000000e+00	7.543596e+00	9.000000e+00	2.456579e+03
1.000000000000000e+01	7.181190e+00	1.000000e+01	2.817229e+03
1.100000000000000e+01	7.059971e+00	1.100000e+01	2.938738e+03
1.200000000000000e+01	6.990355e+00	1.200000e+01	3.009643e+03
1.300000000000000e+01	6.943171e+00	1.300000e+01	3.055323e+03
1.400000000000000e+01	6.908895e+00	1.400000e+01	3.090616e+03
1.500000000000000e+01	6.882512e+00	1.500000e+01	3.117308e+03
1.600000000000000e+01	6.861506e+00	1.600000e+01	3.138413e+03
1.700000000000000e+01	6.844343e+00	1.700000e+01	3.155616e+03
1.800000000000000e+01	6.830034e+00	1.800000e+01	3.169943e+03
1.900000000000000e+01	6.817908e+00	1.900000e+01	3.182080e+03
2.000000000000000e+01	6.807490e+00	2.000000e+01	3.192502e+03
Step Information: Vdd=11  (Step: 12/21)
0.000000000000000e+00	1.100000e+01	0.000000e+00	1.598721e-11
1.000000000000000e+00	1.100000e+01	1.000000e+00	1.598726e-11
2.000000000000000e+00	1.100000e+01	2.000000e+00	2.368045e-08
3.000000000000000e+00	1.099738e+01	3.000000e+00	2.617988e+00
4.000000000000000e+00	1.085109e+01	4.000000e+00	1.489115e+02
5.000000000000000e+00	1.053974e+01	5.000000e+00	4.602623e+02
6.000000000000000e+00	1.012640e+01	6.000000e+00	8.747850e+02
7.000000000000000e+00	9.641480e+00	7.000000e+00	1.359116e+03
8.000000000000000e+00	9.105747e+00	8.000000e+00	1.894560e+03
9.000000000000000e+00	8.531806e+00	9.000000e+00	2.468370e+03
1.000000000000000e+01	7.988481e+00	1.000000e+01	3.010441e+03
1.100000000000000e+01	7.803227e+00	1.100000e+01	3.196769e+03
1.200000000000000e+01	7.711212e+00	1.200000e+01	3.288761e+03
1.300000000000000e+01	7.652040e+00	1.300000e+01	3.344708e+03
1.400000000000000e+01	7.610451e+00	1.400000e+01	3.388634e+03
1.500000000000000e+01	7.578932e+00	1.500000e+01	3.420774e+03
1.600000000000000e+01	7.554125e+00	1.600000e+01	3.445746e+03
1.700000000000000e+01	7.534038e+00	1.700000e+01	3.465900e+03
1.800000000000000e+01	7.517405e+00	1.800000e+01	3.482563e+03
1.900000000000000e+01	7.503385e+00	1.900000e+01	3.496597e+03
2.000000000000000e+01	7.491395e+00	2.000000e+01	3.508594e+03
Step Information: Vdd=12  (Step: 13/21)
0.000000000000000e+00	1.200000e+01	0.000000e+00	1.717145e-11
1.000000000000000e+00	1.200000e+01	1.000000e+00	1.717150e-11
2.000000000000000e+00	1.200000e+01	2.000000e+00	2.389483e-08
3.000000000000000e+00	1.199736e+01	3.000000e+00	2.641028e+00
4.000000000000000e+00	1.185001e+01	4.000000e+00	1.499899e+02
5.000000000000000e+00	1.153683e+01	5.000000e+00	4.631753e+02
6.000000000000000e+00	1.112140e+01	6.000000e+00	8.797979e+02
7.000000000000000e+00	1.063429e+01	7.000000e+00	1.366317e+03
8.000000000000000e+00	1.009631e+01	8.000000e+00	1.903997e+03
9.000000000000000e+00	9.520108e+00	9.000000e+00	2.480070e+03
1.000000000000000e+01	8.914487e+00	1.000000e+01	3.085620e+03
1.100000000000000e+01	8.565176e+00	1.100000e+01	3.432032e+03
1.200000000000000e+01	8.440386e+00	1.200000e+01	3.558723e+03
1.300000000000000e+01	8.366234e+00	1.300000e+01	3.633765e+03
1.400000000000000e+01	8.315166e+00	1.400000e+01	3.683246e+03
1.500000000000000e+01	8.277609e+00	1.500000e+01	3.721857e+03
1.600000000000000e+01	8.248446e+00	1.600000e+01	3.751352e+03
1.700000000000000e+01	8.225061e+00	1.700000e+01	3.774845e+03
1.800000000000000e+01	8.205843e+00	1.800000e+01	3.794109e+03
1.900000000000000e+01	8.189741e+00	1.900000e+01	3.810233e+03
2.000000000000000e+01	8.176036e+00	2.000000e+01	3.823949e+03
Step Information: Vdd=13  (Step: 14/21)
0.000000000000000e+00	1.300000e+01	0.000000e+00	1.835569e-11
1.000000000000000e+00	1.300000e+01	1.000000e+00	1.835574e-11
2.000000000000000e+00	1.300000e+01	2.000000e+00	2.410921e-08
3.000000000000000e+00	1.299734e+01	3.000000e+00	2.664059e+00
4.000000000000000e+00	1.284894e+01	4.000000e+00	1.510648e+02
5.000000000000000e+00	1.253393e+01	5.000000e+00	4.660740e+02
6.000000000000000e+00	1.211643e+01	6.000000e+00	8.847811e+02
7.000000000000000e+00	1.162714e+01	7.000000e+00	1.373471e+03
8.000000000000000e+00	1.108695e+01	8.000000e+00	1.913365e+03
9.000000000000000e+00	1.050850e+01	9.000000e+00	2.491680e+03
1.000000000000000e+01	9.900614e+00	1.000000e+01	3.099494e+03
1.100000000000000e+01	9.362638e+00	1.100000e+01	3.636152e+03
1.200000000000000e+01	9.181330e+00	1.200000e+01	3.818668e+03
1.300000000000000e+01	9.086143e+00	1.300000e+01	3.913840e+03
1.400000000000000e+01	9.023554e+00	1.400000e+01	3.973252e+03
1.500000000000000e+01	8.978870e+00	1.500000e+01	4.020185e+03
1.600000000000000e+01	8.944676e+00	1.600000e+01	4.055006e+03
1.700000000000000e+01	8.917554e+00	1.700000e+01	4.082305e+03
1.800000000000000e+01	8.895449e+00	1.800000e+01	4.104481e+03
1.900000000000000e+01	8.877048e+00	1.900000e+01	4.122915e+03
2.000000000000000e+01	8.861467e+00	2.000000e+01	4.138512e+03
Step Information: Vdd=14  (Step: 15/21)
0.000000000000000e+00	1.400000e+01	0.000000e+00	1.894781e-11
1.000000000000000e+00	1.400000e+01	1.000000e+00	1.894786e-11
2.000000000000000e+00	1.400000e+01	2.000000e+00	2.432300e-08
3.000000000000000e+00	1.399731e+01	3.000000e+00	2.687081e+00
4.000000000000000e+00	1.384786e+01	4.000000e+00	1.521361e+02
5.000000000000000e+00	1.353104e+01	5.000000e+00	4.689584e+02
6.000000000000000e+00	1.311149e+01	6.000000e+00	8.897350e+02
7.000000000000000e+00	1.262004e+01	7.000000e+00	1.380577e+03
8.000000000000000e+00	1.207765e+01	8.000000e+00	1.922667e+03
9.000000000000000e+00	1.149698e+01	9.000000e+00	2.503203e+03
1.000000000000000e+01	1.088685e+01	1.000000e+01	3.113258e+03
1.100000000000000e+01	1.025373e+01	1.100000e+01	3.746332e+03
1.200000000000000e+01	9.939188e+00	1.200000e+01	4.060810e+03
1.300000000000000e+01	9.813735e+00	1.300000e+01	4.185845e+03
1.400000000000000e+01	9.736915e+00	1.400000e+01	4.263083e+03
1.500000000000000e+01	9.683123e+00	1.500000e+01	4.315303e+03
1.600000000000000e+01	9.643059e+00	1.600000e+01	4.356392e+03
1.700000000000000e+01	9.611677e+00	1.700000e+01	4.388108e+03
1.800000000000000e+01	9.586334e+00	1.800000e+01	4.413563e+03
1.900000000000000e+01	9.565387e+00	1.900000e+01	4.434560e+03
2.000000000000000e+01	9.547750e+00	2.000000e+01	4.452221e+03
Step Information: Vdd=15  (Step: 16/21)
0.000000000000000e+00	1.500000e+01	0.000000e+00	2.013204e-11
1.000000000000000e+00	1.500000e+01	1.000000e+00	2.013209e-11
2.000000000000000e+00	1.500000e+01	2.000000e+00	2.453737e-08
3.000000000000000e+00	1.499729e+01	3.000000e+00	2.710093e+00
4.000000000000000e+00	1.484680e+01	4.000000e+00	1.532038e+02
5.000000000000000e+00	1.452817e+01	5.000000e+00	4.718288e+02
6.000000000000000e+00	1.410658e+01	6.000000e+00	8.946598e+02
7.000000000000000e+00	1.361298e+01	7.000000e+00	1.387636e+03
8.000000000000000e+00	1.306841e+01	8.000000e+00	1.931902e+03
9.000000000000000e+00	1.248554e+01	9.000000e+00	2.514638e+03
1.000000000000000e+01	1.187320e+01	1.000000e+01	3.126913e+03
1.100000000000000e+01	1.123784e+01	1.100000e+01	3.762229e+03
1.200000000000000e+01	1.072556e+01	1.200000e+01	4.274434e+03
1.300000000000000e+01	1.055121e+01	1.300000e+01	4.444567e+03
1.400000000000000e+01	1.045555e+01	1.400000e+01	4.544435e+03
1.500000000000000e+01	1.039085e+01	1.500000e+01	4.606288e+03
1.600000000000000e+01	1.034389e+01	1.600000e+01	4.655181e+03
1.700000000000000e+01	1.030762e+01	1.700000e+01	4.692049e+03
1.800000000000000e+01	1.027863e+01	1.800000e+01	4.721221e+03
1.900000000000000e+01	1.025485e+01	1.900000e+01	4.745074e+03
2.000000000000000e+01	1.023495e+01	2.000000e+01	4.765008e+03
Step Information: Vdd=16  (Step: 17/21)
0.000000000000000e+00	1.600000e+01	0.000000e+00	2.131628e-11
1.000000000000000e+00	1.600000e+01	1.000000e+00	2.131633e-11
2.000000000000000e+00	1.600000e+01	2.000000e+00	2.475175e-08
3.000000000000000e+00	1.599727e+01	3.000000e+00	2.733096e+00
4.000000000000000e+00	1.584573e+01	4.000000e+00	1.542680e+02
5.000000000000000e+00	1.552532e+01	5.000000e+00	4.746853e+02
6.000000000000000e+00	1.510170e+01	6.000000e+00	8.995558e+02
7.000000000000000e+00	1.460598e+01	7.000000e+00	1.394649e+03
8.000000000000000e+00	1.405925e+01	8.000000e+00	1.941072e+03
9.000000000000000e+00	1.347420e+01	9.000000e+00	2.525987e+03
1.000000000000000e+01	1.285965e+01	1.000000e+01	3.140460e+03
1.100000000000000e+01	1.222207e+01	1.100000e+01	3.777996e+03
1.200000000000000e+01	1.157497e+01	1.200000e+01	4.424733e+03
1.300000000000000e+01	1.130453e+01	1.300000e+01	4.695467e+03
1.400000000000000e+01	1.118121e+01	1.400000e+01	4.818645e+03
1.500000000000000e+01	1.110315e+01	1.500000e+01	4.896851e+03
1.600000000000000e+01	1.104755e+01	1.600000e+01	4.950959e+03
1.700000000000000e+01	1.100562e+01	1.700000e+01	4.993843e+03
1.800000000000000e+01	1.097248e+01	1.800000e+01	5.027296e+03
1.900000000000000e+01	1.094554e+01	1.900000e+01	5.054350e+03
2.000000000000000e+01	1.092315e+01	2.000000e+01	5.076795e+03
Step Information: Vdd=17  (Step: 18/21)
0.000000000000000e+00	1.700000e+01	0.000000e+00	2.250052e-11
1.000000000000000e+00	1.700000e+01	1.000000e+00	2.250057e-11
2.000000000000000e+00	1.700000e+01	2.000000e+00	2.496613e-08
3.000000000000000e+00	1.699724e+01	3.000000e+00	2.756090e+00
4.000000000000000e+00	1.684467e+01	4.000000e+00	1.553287e+02
5.000000000000000e+00	1.652247e+01	5.000000e+00	4.775279e+02
6.000000000000000e+00	1.609685e+01	6.000000e+00	9.044233e+02
7.000000000000000e+00	1.559902e+01	7.000000e+00	1.401616e+03
8.000000000000000e+00	1.505015e+01	8.000000e+00	1.950177e+03
9.000000000000000e+00	1.446293e+01	9.000000e+00	2.537252e+03
1.000000000000000e+01	1.384621e+01	1.000000e+01	3.153902e+03
1.100000000000000e+01	1.320643e+01	1.100000e+01	3.793635e+03
1.200000000000000e+01	1.254850e+01	1.200000e+01	4.451540e+03
1.300000000000000e+01	1.208050e+01	1.300000e+01	4.919488e+03
1.400000000000000e+01	1.191579e+01	1.400000e+01	5.081668e+03
1.500000000000000e+01	1.182032e+01	1.500000e+01	5.179677e+03
1.600000000000000e+01	1.175446e+01	1.600000e+01	5.242932e+03
1.700000000000000e+01	1.170593e+01	1.700000e+01	5.293197e+03
1.800000000000000e+01	1.166807e+01	1.800000e+01	5.331600e+03
1.900000000000000e+01	1.163759e+01	1.900000e+01	5.362262e+03
2.000000000000000e+01	1.161243e+01	2.000000e+01	5.387495e+03
Step Information: Vdd=18  (Step: 19/21)
0.000000000000000e+00	1.800000e+01	0.000000e+00	2.368476e-11
1.000000000000000e+00	1.800000e+01	1.000000e+00	2.368481e-11
2.000000000000000e+00	1.800000e+01	2.000000e+00	2.518051e-08
3.000000000000000e+00	1.799722e+01	3.000000e+00	2.779074e+00
4.000000000000000e+00	1.784361e+01	4.000000e+00	1.563860e+02
5.000000000000000e+00	1.751964e+01	5.000000e+00	4.803568e+02
6.000000000000000e+00	1.709202e+01	6.000000e+00	9.092627e+02
7.000000000000000e+00	1.659210e+01	7.000000e+00	1.408538e+03
8.000000000000000e+00	1.604111e+01	8.000000e+00	1.959219e+03
9.000000000000000e+00	1.545175e+01	9.000000e+00	2.548433e+03
1.000000000000000e+01	1.483287e+01	1.000000e+01	3.167239e+03
1.100000000000000e+01	1.419092e+01	1.100000e+01	3.809147e+03
1.200000000000000e+01	1.353079e+01	1.200000e+01	4.469252e+03
1.300000000000000e+01	1.290011e+01	1.300000e+01	5.097052e+03
1.400000000000000e+01	1.266370e+01	1.400000e+01	5.336301e+03
1.500000000000000e+01	1.254384e+01	1.500000e+01	5.456105e+03
1.600000000000000e+01	1.246513e+01	1.600000e+01	5.529782e+03
1.700000000000000e+01	1.240888e+01	1.700000e+01	5.589639e+03
1.800000000000000e+01	1.236561e+01	1.800000e+01	5.633908e+03
1.900000000000000e+01	1.233112e+01	1.900000e+01	5.668665e+03
2.000000000000000e+01	1.230288e+01	2.000000e+01	5.697007e+03
Step Information: Vdd=19  (Step: 20/21)
0.000000000000000e+00	1.900000e+01	0.000000e+00	2.486900e-11
1.000000000000000e+00	1.900000e+01	1.000000e+00	2.486905e-11
2.000000000000000e+00	1.900000e+01	2.000000e+00	2.539488e-08
3.000000000000000e+00	1.899720e+01	3.000000e+00	2.802049e+00
4.000000000000000e+00	1.884256e+01	4.000000e+00	1.574397e+02
5.000000000000000e+00	1.851683e+01	5.000000e+00	4.831721e+02
6.000000000000000e+00	1.808723e+01	6.000000e+00	9.140742e+02
7.000000000000000e+00	1.758523e+01	7.000000e+00	1.415415e+03
8.000000000000000e+00	1.703213e+01	8.000000e+00	1.968197e+03
9.000000000000000e+00	1.644066e+01	9.000000e+00	2.559531e+03
1.000000000000000e+01	1.581964e+01	1.000000e+01	3.180473e+03
1.100000000000000e+01	1.517553e+01	1.100000e+01	3.824535e+03
1.200000000000000e+01	1.451323e+01	1.200000e+01	4.486818e+03
1.300000000000000e+01	1.383653e+01	1.300000e+01	5.163500e+03
1.400000000000000e+01	1.343025e+01	1.400000e+01	5.569750e+03
1.500000000000000e+01	1.327541e+01	1.500000e+01	5.723460e+03
1.600000000000000e+01	1.318116e+01	1.600000e+01	5.818834e+03
1.700000000000000e+01	1.311488e+01	1.700000e+01	5.882796e+03
1.800000000000000e+01	1.306532e+01	1.800000e+01	5.933869e+03
1.900000000000000e+01	1.302630e+01	1.900000e+01	5.973388e+03
2.000000000000000e+01	1.299463e+01	2.000000e+01	6.005218e+03
Step Information: Vdd=20  (Step: 21/21)
0.000000000000000e+00	2.000000e+01	0.000000e+00	2.486900e-11
1.000000000000000e+00	2.000000e+01	1.000000e+00	2.486905e-11
2.000000000000000e+00	2.000000e+01	2.000000e+00	2.560808e-08
3.000000000000000e+00	1.999718e+01	3.000000e+00	2.825014e+00
4.000000000000000e+00	1.984151e+01	4.000000e+00	1.584901e+02
5.000000000000000e+00	1.951403e+01	5.000000e+00	4.859739e+02
6.000000000000000e+00	1.908246e+01	6.000000e+00	9.188580e+02
7.000000000000000e+00	1.857840e+01	7.000000e+00	1.422248e+03
8.000000000000000e+00	1.802322e+01	8.000000e+00	1.977113e+03
9.000000000000000e+00	1.742964e+01	9.000000e+00	2.570547e+03
1.000000000000000e+01	1.680651e+01	1.000000e+01	3.193605e+03
1.100000000000000e+01	1.616027e+01	1.100000e+01	3.839801e+03
1.200000000000000e+01	1.549580e+01	1.200000e+01	4.504239e+03
1.300000000000000e+01	1.481692e+01	1.300000e+01	5.183105e+03
1.400000000000000e+01	1.422928e+01	1.400000e+01	5.770634e+03
1.500000000000000e+01	1.401740e+01	1.500000e+01	5.976785e+03
1.600000000000000e+01	1.390248e+01	1.600000e+01	6.097493e+03
1.700000000000000e+01	1.382441e+01	1.700000e+01	6.171534e+03
1.800000000000000e+01	1.376751e+01	1.800000e+01	6.231173e+03
1.900000000000000e+01	1.372331e+01	1.900000e+01	6.276226e+03
2.000000000000000e+01	1.368780e+01	2.000000e+01	6.311992e+03
